index	e	o	t	k	T	S
1	0.05	1	0.4	0.3	10	50
2	0.05	1	0.4	1	10	1
3	0.05	1	0.4	0.2	5	5
4	0.05	1	0.4	0.6	1	5
5	0.05	1	0.4	0.6	10	50
6	0.05	1	0.4	0.9	1	10
7	0.05	1	0.4	0.7	1	1
8	0.05	1	0.4	0.9	5	10
9	0.05	1	0.4	0.3	10	1
10	0.05	1	0.4	0.9	5	50
11	0.05	1	0.4	0.8	5	10
12	0.05	1	0.4	0.6	5	5
13	0.05	1	0.4	0.6	5	10
14	0.05	1	0.4	0.6	1	50
15	0.05	1	0.4	0.5	5	1
16	0.05	1	0.4	0.4	5	50
17	0.05	1	0.4	0.7	1	5
18	0.05	1	0.4	0.2	10	1
19	0.05	1	0.4	0.1	1	1
20	0.05	1	0.4	1	1	50
21	0.05	1	0.4	0.3	5	50
22	0.05	1	0.4	0.5	1	1
23	0.05	1	0.4	0.2	1	50
24	0.05	1	0.4	0.2	5	1
25	0.05	1	0.4	0.5	1	10
26	0.05	1	0.4	1	1	1
27	0.05	1	0.4	0.4	10	5
28	0.05	1	0.4	0.4	10	10
29	0.05	1	0.4	1	5	5
30	0.05	1	0.4	0.7	10	5
31	0.05	1	0.4	0.1	5	50
32	0.05	1	0.4	0.7	5	1
33	0.05	1	0.4	0.1	1	50
34	0.05	1	0.4	0.4	1	5
35	0.05	1	0.4	0.9	10	1
36	0.05	1	0.4	0.7	1	50
37	0.05	1	0.4	1	10	10
38	0.05	1	0.4	0.1	10	10
39	0.05	1	0.4	0.6	10	5
40	0.05	1	0.4	0.7	10	50
41	0.05	1	0.4	0.3	10	10
42	0.05	1	0.4	0.8	1	5
43	0.05	1	0.4	0.1	5	10
44	0.05	1	0.4	0.5	5	5
45	0.05	1	0.4	0.1	10	1
46	0.05	1	0.4	0.7	10	10
47	0.05	1	0.4	1	10	5
48	0.05	1	0.4	0.2	10	50
49	0.05	1	0.4	0.8	10	10
50	0.05	1	0.4	0.9	10	50
51	0.05	1	0.4	0.1	5	5
52	0.05	1	0.4	0.8	10	5
53	0.05	1	0.4	0.3	1	50
54	0.05	1	0.4	0.9	10	10
55	0.05	1	0.4	0.6	5	1
56	0.05	1	0.4	0.7	10	1
57	0.05	1	0.4	0.4	5	5
58	0.05	1	0.4	0.7	5	10
59	0.05	1	0.4	0.2	5	10
60	0.05	1	0.4	0.6	1	10
61	0.05	1	0.4	0.1	5	1
62	0.05	1	0.4	0.3	5	5
63	0.05	1	0.4	1	10	50
64	0.05	1	0.4	1	5	1
65	0.05	1	0.4	0.5	10	5
66	0.05	1	0.4	0.3	5	10
67	0.05	1	0.4	0.8	10	50
68	0.05	1	0.4	0.3	10	5
69	0.05	1	0.4	0.1	1	10
70	0.05	1	0.4	0.6	10	10
71	0.05	1	0.4	0.2	1	10
72	0.05	1	0.4	0.2	1	5
73	0.05	1	0.4	0.4	1	1
74	0.05	1	0.4	0.9	1	5
75	0.05	1	0.4	1	5	10
76	0.05	1	0.4	0.9	5	1
77	0.05	1	0.4	0.3	1	5
78	0.05	1	0.4	0.1	1	5
79	0.05	1	0.4	0.8	5	5
80	0.05	1	0.4	0.6	10	1
81	0.05	1	0.4	0.2	1	1
82	0.05	1	0.4	0.4	1	10
83	0.05	1	0.4	0.8	1	50
84	0.05	1	0.4	0.9	5	5
85	0.05	1	0.4	0.5	1	50
86	0.05	1	0.4	0.2	10	5
87	0.05	1	0.4	0.8	5	1
88	0.05	1	0.4	0.8	5	50
89	0.05	1	0.4	1	1	5
90	0.05	1	0.4	0.4	1	50
91	0.05	1	0.4	0.5	5	50
92	0.05	1	0.4	0.9	1	50
93	0.05	1	0.4	0.2	10	10
94	0.05	1	0.4	0.2	5	50
95	0.05	1	0.4	0.7	5	5
96	0.05	1	0.4	0.6	1	1
97	0.05	1	0.4	0.5	1	5
98	0.05	1	0.4	0.6	5	50
99	0.05	1	0.4	0.9	10	5
100	0.05	1	0.4	0.7	1	10
101	0.05	1	0.4	0.5	10	10
102	0.05	1	0.4	0.8	1	1
103	0.05	1	0.4	0.4	10	50
104	0.05	1	0.4	0.5	10	50
105	0.05	1	0.4	0.5	5	10
106	0.05	1	0.4	0.9	1	1
107	0.05	1	0.4	0.8	1	10
108	0.05	1	0.4	0.3	1	10
109	0.05	1	0.4	1	1	10
110	0.05	1	0.4	0.1	10	5
111	0.05	1	0.4	0.4	10	1
112	0.05	1	0.4	0.8	10	1
113	0.05	1	0.6	0.4	10	50
114	0.05	1	0.6	0.7	1	10
115	0.05	1	0.4	1	5	50
116	0.05	1	0.4	0.1	10	50
117	0.05	1	0.6	0.4	10	5
118	0.05	1	0.4	0.3	5	1
119	0.05	1	0.6	0.2	10	1
120	0.05	1	0.6	1	5	10
121	0.05	1	0.6	0.2	5	1
122	0.05	1	0.6	0.8	1	5
123	0.05	1	0.6	1	10	10
124	0.05	1	0.4	0.5	10	1
125	0.05	1	0.4	0.3	1	1
126	0.05	1	0.6	0.5	1	10
127	0.05	1	0.6	0.6	10	50
128	0.05	1	0.6	0.5	1	5
129	0.05	1	0.6	0.6	5	10
130	0.05	1	0.6	0.3	10	1
131	0.05	1	0.4	0.4	5	10
132	0.05	1	0.4	0.4	5	1
133	0.05	1	0.6	0.2	10	5
134	0.05	1	0.6	0.6	10	5
135	0.05	1	0.6	0.5	1	50
136	0.05	1	0.6	0.6	10	10
137	0.05	1	0.6	0.9	5	1
138	0.05	1	0.6	0.3	5	5
139	0.05	1	0.6	0.9	5	50
140	0.05	1	0.6	0.5	10	1
141	0.05	1	0.6	0.3	1	1
142	0.05	1	0.6	0.8	1	50
143	0.05	1	0.6	1	5	1
144	0.05	1	0.6	1	5	50
145	0.05	1	0.6	0.1	5	1
146	0.05	1	0.6	0.2	1	1
147	0.05	1	0.6	0.2	5	50
148	0.05	1	0.6	0.3	5	10
149	0.05	1	0.6	0.8	1	1
150	0.05	1	0.6	0.9	10	1
151	0.05	1	0.6	0.8	5	50
152	0.05	1	0.6	0.4	5	5
153	0.05	1	0.6	0.9	1	5
154	0.05	1	0.6	0.4	5	10
155	0.05	1	0.6	0.9	10	5
156	0.05	1	0.6	0.5	5	5
157	0.05	1	0.6	0.5	10	5
158	0.05	1	0.6	0.4	1	50
159	0.05	1	0.6	0.1	5	10
160	0.05	1	0.6	0.5	5	10
161	0.05	1	0.6	1	10	5
162	0.05	1	0.6	0.9	1	50
163	0.05	1	0.6	0.5	10	50
164	0.05	1	0.6	0.1	5	50
165	0.05	1	0.6	0.4	5	1
166	0.05	1	0.6	0.9	1	10
167	0.05	1	0.6	0.3	1	5
168	0.05	1	0.6	0.8	5	5
169	0.05	1	0.6	0.8	10	10
170	0.05	1	0.5	0.2	10	50
171	0.05	1	0.6	0.9	1	1
172	0.05	1	0.5	0.3	10	1
173	0.05	1	0.6	0.6	10	1
174	0.05	1	0.6	0.4	1	5
175	0.05	1	0.4	0.7	5	50
176	0.05	1	0.6	0.7	1	1
177	0.05	1	0.5	0.9	1	5
178	0.05	1	0.5	1	1	10
179	0.05	1	0.5	0.9	10	10
180	0.05	1	0.5	0.4	1	50
181	0.05	1	0.5	0.7	5	50
182	0.05	1	0.6	1	5	5
183	0.05	1	0.6	0.5	1	1
184	0.05	1	0.6	0.1	1	10
185	0.05	1	0.6	0.7	5	50
186	0.05	1	0.5	0.8	1	1
187	0.05	1	0.6	1	1	10
188	0.05	1	0.6	0.7	10	1
189	0.05	1	0.6	0.5	10	10
190	0.05	1	0.6	0.6	5	50
191	0.05	1	0.6	0.1	5	5
192	0.05	1	0.5	1	5	10
193	0.05	1	0.6	0.4	1	10
194	0.05	1	0.6	0.3	10	5
195	0.05	1	0.6	0.1	10	5
196	0.05	1	0.6	0.7	5	5
197	0.05	1	0.6	0.8	10	1
198	0.05	1	0.6	0.3	5	50
199	0.05	1	0.6	0.7	5	1
200	0.05	1	0.6	0.6	1	5
201	0.05	1	0.6	0.3	1	10
202	0.05	1	0.6	0.2	10	10
203	0.05	1	0.6	0.7	1	5
204	0.05	1	0.6	0.2	5	5
205	0.05	1	0.6	0.7	10	10
206	0.05	1	0.6	0.3	10	10
207	0.05	1	0.6	0.6	5	5
208	0.05	1	0.6	1	1	50
209	0.05	1	0.6	0.1	10	50
210	0.05	1	0.6	0.2	10	50
211	0.05	1	0.6	0.8	5	10
212	0.05	1	0.6	0.7	1	50
213	0.05	1	0.6	0.4	10	10
214	0.05	1	0.6	1	10	1
215	0.05	1	0.6	0.4	10	1
216	0.05	1	0.6	0.2	1	5
217	0.05	1	0.6	0.2	1	10
218	0.05	1	0.6	0.4	1	1
219	0.05	1	0.6	0.1	10	1
220	0.05	1	0.6	0.9	10	10
221	0.05	1	0.6	0.6	1	1
222	0.05	1	0.6	0.9	10	50
223	0.05	1	0.6	0.8	10	5
224	0.05	1	0.6	0.2	1	50
225	0.05	1	0.6	0.2	5	10
226	0.05	1	0.6	0.8	10	50
227	0.05	1	0.6	0.9	5	10
228	0.05	1	0.6	0.5	5	1
229	0.05	1	0.6	0.7	5	10
230	0.05	1	0.6	0.7	10	5
231	0.05	1	0.6	0.6	1	10
232	0.05	1	0.6	0.3	5	1
233	0.05	1	0.6	0.1	1	5
234	0.05	1	0.6	0.3	10	50
235	0.05	1	0.6	0.4	5	50
236	0.05	1	0.6	0.7	10	50
237	0.05	1	0.6	0.1	10	10
238	0.05	1	0.6	0.6	1	50
239	0.05	1	0.5	0.5	5	1
240	0.05	1	0.5	0.9	10	1
241	0.05	1	0.5	0.2	10	5
242	0.05	1	0.5	0.7	5	1
243	0.05	1	0.5	0.3	10	50
244	0.05	1	0.5	0.2	10	10
245	0.05	1	0.6	1	10	50
246	0.05	1	0.5	0.6	5	5
247	0.05	1	0.5	0.3	5	1
248	0.05	1	0.5	0.2	5	10
249	0.05	1	0.5	0.4	5	50
250	0.05	1	0.5	0.8	10	50
251	0.05	1	0.6	1	1	1
252	0.05	1	0.5	0.5	1	5
253	0.05	1	0.6	1	1	5
254	0.05	1	0.5	0.8	1	50
255	0.05	1	0.5	0.8	1	5
256	0.05	1	0.5	0.8	1	10
257	0.05	1	0.5	0.2	5	1
258	0.05	1	0.5	0.8	5	5
259	0.05	1	0.5	0.1	10	10
260	0.05	1	0.5	1	5	50
261	0.05	1	0.6	0.9	5	5
262	0.05	1	0.5	0.4	5	10
263	0.05	1	0.5	0.1	1	50
264	0.05	1	0.5	0.4	10	1
265	0.05	1	0.5	1	1	50
266	0.05	1	0.5	0.6	5	50
267	0.05	1	0.5	0.7	5	5
268	0.05	1	0.5	0.5	1	50
269	0.05	1	0.5	0.3	5	50
270	0.05	1	0.6	0.3	1	50
271	0.05	1	0.6	0.8	5	1
272	0.05	1	0.5	0.2	5	50
273	0.05	1	0.5	0.4	5	1
274	0.05	1	0.5	0.6	1	50
275	0.05	1	0.6	0.8	1	10
276	0.05	1	0.5	0.5	10	5
277	0.05	1	0.6	0.1	1	50
278	0.05	1	0.5	0.8	5	1
279	0.05	1	0.5	0.4	1	5
280	0.05	1	0.6	0.5	5	50
281	0.05	1	0.6	0.6	5	1
282	0.05	1	0.6	0.1	1	1
283	0.05	1	0.5	0.1	1	10
284	0.05	1	0.5	1	5	1
285	0.05	1	0.5	0.5	10	1
286	0.05	1	0.5	0.3	5	5
287	0.05	1	0.5	0.3	1	5
288	0.05	1	0.5	0.4	5	5
289	0.05	1	0.5	0.2	5	5
290	0.05	1	0.5	0.9	1	50
291	0.05	1	0.5	0.1	5	5
292	0.05	1	0.5	0.6	5	1
293	0.05	1	0.5	0.9	5	1
294	0.05	1	0.5	0.6	10	5
295	0.05	1	0.5	0.4	10	50
296	0.05	1	0.5	1	10	1
297	0.05	1	0.5	0.3	10	5
298	0.05	1	0.5	0.9	10	50
299	0.05	1	0.5	0.7	1	10
300	0.05	1	0.5	0.3	5	10
301	0.05	1	0.5	1	1	5
302	0.05	1	0.5	0.4	10	10
303	0.05	1	0.5	0.6	1	5
304	0.05	1	0.5	0.9	5	10
305	0.05	1	0.5	0.7	1	5
306	0.05	1	0.5	0.9	1	10
307	0.05	1	0.5	0.5	10	50
308	0.05	1	0.5	0.5	5	50
309	0.05	1	0.5	0.6	1	10
310	0.05	1	0.5	0.5	1	1
311	0.05	1	0.5	0.1	10	50
312	0.05	1	0.5	0.1	5	1
313	0.05	1	0.8	0.8	5	5
314	0.05	1	0.8	0.9	5	5
315	0.05	1	0.8	0.5	10	5
316	0.05	1	0.8	0.6	10	50
317	0.05	1	0.8	0.2	10	5
318	0.05	1	0.5	0.5	1	10
319	0.05	1	0.5	0.7	10	10
320	0.05	1	0.5	0.9	5	50
321	0.05	1	0.5	1	10	50
322	0.05	1	0.5	0.9	5	5
323	0.05	1	0.5	0.8	10	10
324	0.05	1	0.5	0.8	5	10
325	0.05	1	0.5	1	1	1
326	0.05	1	0.5	0.1	1	1
327	0.05	1	0.5	0.2	1	50
328	0.05	1	0.8	0.8	1	50
329	0.05	1	0.8	0.4	1	5
330	0.05	1	0.8	0.7	1	1
331	0.05	1	0.8	0.4	5	50
332	0.05	1	0.8	0.3	5	1
333	0.05	1	0.8	0.3	10	1
334	0.05	1	0.8	0.5	5	1
335	0.05	1	0.8	0.5	10	10
336	0.05	1	0.8	1	5	50
337	0.05	1	0.8	0.2	5	10
338	0.05	1	0.8	0.7	1	10
339	0.05	1	0.8	0.3	10	5
340	0.05	1	0.8	0.8	1	10
341	0.05	1	0.8	0.6	1	10
342	0.05	1	0.8	0.4	10	10
343	0.05	1	0.8	0.5	5	50
344	0.05	1	0.8	0.7	1	5
345	0.05	1	0.5	0.7	1	50
346	0.05	1	0.5	0.5	5	10
347	0.05	1	0.5	0.4	1	10
348	0.05	1	0.5	0.2	1	10
349	0.05	1	0.5	0.7	1	1
350	0.05	1	0.5	0.1	10	5
351	0.05	1	0.8	0.3	10	50
352	0.05	1	0.5	0.7	5	10
353	0.05	1	0.8	0.4	10	1
354	0.05	1	0.5	0.3	1	10
355	0.05	1	0.8	1	5	1
356	0.05	1	0.5	0.6	10	50
357	0.05	1	0.5	0.2	1	1
358	0.05	1	0.5	0.5	5	5
359	0.05	1	0.5	0.4	1	1
360	0.05	1	0.5	0.1	1	5
361	0.05	1	0.5	0.7	10	50
362	0.05	1	0.8	0.5	1	1
363	0.05	1	0.5	0.1	5	10
364	0.05	1	0.5	0.8	5	50
365	0.05	1	0.5	0.6	10	1
366	0.05	1	0.5	0.8	10	1
367	0.05	1	0.8	0.2	10	1
368	0.05	1	0.8	0.1	10	10
369	0.05	1	0.8	0.1	5	50
370	0.05	1	0.5	1	10	5
371	0.05	1	0.5	0.6	10	10
372	0.05	1	0.5	0.7	10	5
373	0.05	1	0.5	0.4	10	5
374	0.05	1	0.5	0.1	10	1
375	0.05	1	0.8	0.6	5	1
376	0.05	1	0.5	0.2	10	1
377	0.05	1	0.5	0.9	10	5
378	0.05	1	0.5	0.6	5	10
379	0.05	1	0.5	1	10	10
380	0.05	1	0.5	0.1	5	50
381	0.05	1	0.5	1	5	5
382	0.05	1	0.5	0.6	1	1
383	0.05	1	0.5	0.3	1	50
384	0.05	1	0.5	0.8	10	5
385	0.05	1	0.5	0.9	1	1
386	0.05	1	0.5	0.2	1	5
387	0.05	1	0.5	0.3	10	10
388	0.05	1	0.8	0.1	5	1
389	0.05	1	0.5	0.5	10	10
390	0.05	1	0.5	0.7	10	1
391	0.05	1	0.5	0.3	1	1
392	0.05	1	0.8	0.8	5	10
393	0.05	1	0.8	0.7	5	5
394	0.05	1	0.8	0.6	10	5
395	0.05	1	0.8	0.4	1	1
396	0.05	1	0.8	0.7	10	10
397	0.05	1	0.8	0.6	10	10
398	0.05	1	0.8	0.8	5	1
399	0.05	1	0.8	0.2	1	1
400	0.05	1	0.8	1	5	10
401	0.05	1	0.8	0.4	5	1
402	0.05	1	0.8	0.6	1	1
403	0.05	1	0.8	0.2	5	5
404	0.05	1	0.8	0.5	1	10
405	0.05	1	0.8	0.9	1	1
406	0.05	1	0.8	0.8	1	1
407	0.05	1	0.8	1	10	5
408	0.05	1	0.8	0.9	1	50
409	0.05	1	0.8	0.8	10	5
410	0.05	1	0.8	0.2	1	5
411	0.05	1	0.8	0.9	1	10
412	0.05	1	0.8	0.3	5	50
413	0.05	1	0.8	0.9	5	1
414	0.05	1	0.8	0.9	10	10
415	0.05	1	0.8	0.5	5	10
416	0.05	1	0.8	0.3	1	5
417	0.05	1	0.8	0.3	1	10
418	0.05	1	0.8	0.2	1	10
419	0.05	1	0.8	0.4	10	50
420	0.05	1	0.8	0.9	10	5
421	0.05	1	0.8	0.7	10	50
422	0.05	1	0.8	0.2	1	50
423	0.05	1	0.8	0.1	10	50
424	0.05	1	0.8	0.2	5	1
425	0.05	1	0.8	0.6	10	1
426	0.05	1	0.8	0.9	10	50
427	0.05	1	0.8	0.3	1	50
428	0.05	1	0.8	0.4	1	10
429	0.05	1	0.8	0.6	5	10
430	0.05	1	0.8	0.4	10	5
431	0.05	1	0.8	0.3	1	1
432	0.05	1	0.8	0.1	1	50
433	0.05	1	0.8	0.6	1	50
434	0.05	1	0.8	0.1	10	5
435	0.05	1	0.8	0.1	1	1
436	0.05	1	0.8	1	1	10
437	0.05	1	0.8	0.1	1	10
438	0.05	1	0.8	0.1	1	5
439	0.05	1	0.8	0.3	5	10
440	0.05	1	0.8	0.1	10	1
441	0.05	1	0.8	0.6	5	50
442	0.05	1	0.8	0.7	1	50
443	0.05	1	0.8	0.9	5	10
444	0.05	1	0.8	0.5	10	50
445	0.05	1	0.8	0.1	5	10
446	0.05	1	0.8	0.8	5	50
447	0.05	1	0.8	0.5	10	1
448	0.05	1	0.8	0.7	5	10
449	0.05	1	0.8	0.4	1	50
450	0.05	1	0.8	0.3	5	5
451	0.05	1	0.8	0.2	10	10
452	0.05	1	0.8	0.7	10	5
453	0.05	1	0.8	0.8	10	1
454	0.05	1	0.8	0.3	10	10
455	0.05	1	0.8	0.5	5	5
456	0.05	1	0.8	0.7	10	1
457	0.05	1	0.8	0.5	1	5
458	0.05	1	0.8	1	1	1
459	0.05	1	0.8	1	1	5
460	0.05	1	0.8	0.4	5	10
461	0.05	1	0.8	1	10	1
462	0.05	1	0.8	0.9	10	1
463	0.05	1	0.8	0.5	1	50
464	0.05	1	0.8	0.2	5	50
465	0.05	1	0.8	0.4	5	5
466	0.05	1	0.8	0.7	5	50
467	0.05	1	0.8	0.9	5	50
468	0.05	1	0.8	0.6	1	5
469	0.05	1	0.8	1	10	10
470	0.05	1	0.8	0.6	5	5
471	0.05	1	0.8	0.7	5	1
472	0.05	1	0.8	0.8	10	10
473	0.05	1	0.8	0.2	10	50
474	0.05	1	0.8	0.8	10	50
475	0.05	1	0.8	0.1	5	5
476	0.05	1	0.8	1	10	50
477	0.05	1	0.8	1	1	50
478	0.05	1	0.8	0.9	1	5
479	0.05	1	0.8	0.8	1	5
480	0.05	1	0.8	1	5	5
